00000010101000110101110010011100
00000001100111110110000110100100
00000001100111110110101110100110
00000000101000100111011110100110
00000000101000101000010010101100
00000001101000101001001010110011
00000010101000101001110110111010
00000101101001001010001010111100
00001001101001111001111110111011
00001101101010101001011010110101
00010011101011100110000010011001
00011000101100100101101110010010
00011101101101010101011110010001
00100000101101100101010010001101
00100001101101110101010010000111
00010101101001100110011001011100
00010101100111010110100001010111
00010101100111110110101001000100
00010101100110010110100101000010
00010110100011110110001001001001
00011000100000100101100001011001
00011001011101110100111101101001
00011001011011100100100001110111
00011001011001100100001010000110
00011000011000000100000010010110
00010110010111000110111110111000
00010100010110100111101110111001
00010001010110001000000010111011
00001111010110101000001110111110
00001101010111001000100010111110
00101101100101001011000010110110
00111011100100101001011110111101
00111111100101101001101110111001
01000001100111101010000110101111
01000110101000001001111110101101
01001010101000100110001010100100
01001111101000110110000010100100
01010100101001010101111010100011
01011001101001110101101110100010
01011100101010000101100010100000
01010101101110100100000010000000
01010101101110100011011001110000
01010100101110010010110101100010
01010001101110000010101101011000
01001110101100100011000001011011
01001010101010100011011001100110
01000111101000010100000001110101
01000010100110000101101110010110
00111111100100100110011110100010
00111101100011010110110010100100
00111100100011000110111110100011
00111100100010110111000010011010
01000001100100010110111001111010
01000101100101010110010001011010
01000110100100110110001001000110
01000110100100000110000000111101
01000110100010000110000001000001
01000110011111010101111101001110
01000111011100000101110101100001
01000111011000110101110001110110
01000111010110110110000110110111
01000111010101010110101111000001
01000111010100010110111011001001
01000110010011110111000111001101
01000110010011100111001111001110
01001010011111001000101110111001
01010010100001000111100010100111
01010101100010100111001010010110
01010110100011010110110110001001
01011000100011010110100101111111
01011010100010110110011001110111
01011011100010010110010101110010
01011100100001100110100101110001
01011100100000100110111101110001
01011100011111000111011001110101
01011100011101100111100001110110
01011110011100010111011001110101
01100000011011010110111101110100
01100010011010010110010101110110
01100100011001010101100101111010
01100101011000010100111010000011
01100110010110110100010110010011
01100110010101110011111010100101
01100100010101000011111010110111
01100010010100100100001011000101
01100000010100100100101011001101
01011101010101010101010111001101
01011011010110110110011111001011
01011001011000100111101011000111
01011001011001111000101111000101
01011001011011001001011011000010
01011010011011110111011010101111
01011110011100110111010010101011
01100011011110000111000110101001
01101001011111010110110110100111
01101100100000000110101110100101
10010000101011000100010101101101
10001111101000010100000101110011
10001101100111110100001101110000
10001011100111100100100001101101
10001001100110010100111001110110
10000111100100010101010110001000
10000101100010100110000110011010
10000100100001100110111010100111
10000011100001000111101110101111
10000011100001001000101010110011
10000100100001011001101010110011
10000110100010001010010110110001
10001010100010111010011110101111
10001101100011010111001010110001
10010011100011110110100110100110
10011001100100010110000110100101
10011111100100100101100110011111
10100011100101000101010010010110
10100000101010010100101001010001
10011101100111000101000001011000
10011100100110110101001001001011
10011011100101010101010001010000
10011010100010100101011101100001
10011001011111110101100101110011
10011000011101100101011110010100
10011000011011100101000010100100
10011000011010100100111010101000
10011000011010000100110010101100
10010111011010000100110010101101
10010100011011100100111010101100
10010000011100110110000010100101
10001111011101000111010010101001
10001101011101011000011110101010
10001101011101011001001110100101
10001111011101011001100010011101
10010001011110001001010110001111
10010110011110101000010010000000
10011100011110110110111001101111
10100000011110010101011101100101
10100011011101010100001101100010
10100100011100000011100101100011
10100100011010010011100101100111
10100001011000100100000101110010
10011101010110100101011010000010
10011010010101000111000010010001
10010111010100001000100010100110
10010110010010111001110110111011
10010111010010100101111010011110
10011011010010110101111010011110
10100000010011100101111010011110
10100110010101000101111010011110
10101101010111000101111010011110
10000001011100100101001101111110
01111111011001111000010111101011
01111110011000101001001011110001
01111101010111111001011111110111
01111101010111111001101111111001
01111101011000011010000011111001
10100101110111101011001110111110
10110000111000101010001110111011
10110101111010001010000010110100
10111000111010111001110110110000
10111110111011011001000010101100
11000011111100001000001010100101
11001001111100100111001010011011
11001100111101000110000110001001
11001111111101010101000101101111
11010000111101010100001101010010
11010000111101000011011000110111
11010000111100010010110000011100
11001101111010010010100000001001
11001010110111000010100100000000
11000110110011000010111000000001
11000010101110100011010100000100
10111110101010000011011100001101
10111010100101100011101100011111
10110111100001000011111100110111
10110101011101000100000001001100
10110011011001100100000001100011
10110000010110010100010001111100
10101110010100010100011010010000
10101100010010110100011110100110
10101010010010000100100110111101
10101000010001110100011111101010
10100111010001110100011011101011
10100101010010100100010111101011
10100100010100000100011011100111
10100011010110010100100111100001
10010011101100110101110010101011
10010001101101010111000110101100
10001111101101111000010010101100
10001110101110011001001110101011
10010000101110011001100010101100
10010011101110111001011110101010
10010111101111011001000010100111
10011100101111111000011110100110
10100001110000000111111010100110
10100100110000010111011110101001
10100111110000100111001010101100
10101001110000100110111010110000
10101011110000110110100010110011
10101100110001010101111110110010
10101101110001110101010010101110
10101110110010100100100110100110
10101110110011010011111010011010
10101110110011110011011010001101
10101100110100000011001110000001
10101010110100000011010101111010
10100111110011100011110101111000
10100011110010110100011101111010
10100000110001100101010010000000
10011101110000000101111110000111
10011100101111000110100010001100
10011011101110010110110110001100
10011011101101110110111010001001
10011100101101010110110110000010
10011101101101000110101101110000
10011111101100110110010101100100
10100000101100000101111001011111
10100001101011000101010101011110
10100001101001100100110001100011
10100001101000000100100001110100
10100001100110100100000101111001
10100000100101000011110001111101
10011111100100000011110110000000
10011100100011000100001110000100
10011010100010010100111010000111
10010111100001100101110110001100
10010100100000110110111010010010
10010011100000000111110110011010
10010011011111101000011010100001
10010100011111011000100110100111
10010110011111001000010010101101
10011010011111000111101010110001
10011110011111100110110110110011
10100001100000000110000010110011
10100011100000100101010010110001
10100100100001000100101010101110
10100100100001110100000110101010
10100011100010100011110010100110
10100010100010110011101110100011
10100000100011010011111010100001
10011101100011010100010110100001
10011010100011100100111010100000
10010111100011100101111010011110
10010110100011100101110110011110
10010100100011110101110110011110
10010100100011110101110110011110
10010100100011110101110110011110
10101010011001111000001010101000
10101100011001100111111110110000
10101111011001010111011010110111
10110010011001110110100110111001
10110101011010100101110010111000
10110111011011010101001010110101
10111000011100000100101010110001
10110111011100110100011110101100
10110110011101100100100010100110
10110100011110000100101110100010
10110010011110100100111110011101
