00110110011111101000101010000010
10010101001001011110011010011011
11101110110010111100100100111100
10000110011100101010000110110111
10000101101110000100110001010010
10001100010101000000010100100011
00111110101011000000111000101010
10001100011010001100001111001110
11100000001100000011100110111010
01011100001100001111100101100011
10001010111001110110111111111000
10010000100000100011010000111110
00101101100011101000111100111100
00001110010100101101001000111010
00101111110110011111010101010110
11000101111010011001111011111000
11101011110111111101010100110000
10000011111100101100100101111000
11100110111110100010001001001001
11111010100010001110000100001001
11001111110110000000101010110001
10111100111100011000011010110110
10011010011000000001010111110000
10000011001100001100011000110010
00010001011000101001111100001100
00000000100100001011011110000000
00111010000100010100101001100101
00000000011101011000000010000111
01011101011111110110101010101001
10010101101111000001000001010001
01100101101110111111101111000100
01111101110001101010000011111001
00010000011111101101101111110000
10101101001011011000011000110100
01000010011001100001101101001000
01101100100001001111100111100101
01000000110000100001101000110110
10000011101111001101100111010110
01000001111000110111000100101110
01001011010110000100101100001000
01110001101101000001011111010000
11101111100010001111000010100101
00100111101110110001111100110001
00100011110110100011101000011010
01010111001000100000000010011100
00010110010001011100001001001100
00000010111001101110111111111101
00001010100101110010100110001010
01111111100100000000000001111000
00000011101101110011100100111111
11001011110000111110010010010110
10110001101010100000111010000001
01000110100100001001111101101110
11100010000011010010001111100000
10101110110001001101100010000000
11010110011001100000111111000000
11110011011111011100011000111101
01110001011110000110001110000010
00100110011111100010111011101000
00011001000011100110000110010000
11011001111010110111001100100010
00100110010111101011111011101011
01100111110001000011011010111010
11110010011011111011001010101010
11111110100111110001100101011001
11101011010001001000110011110011
10011100000110000100111000011100
00001111100111011111100010111010
10010111101111000101100101000011
00001100011010110010001001000011
01110100100111101100111011110011
10110011010110101011001101111110
10110100101010111101110100111000
00000111000101001001110010001011
01010111100110010110010101100110
00111010011100111100011010010000
11100010001110011100010100111001
11100000001001110111101100011110
01101001110000000110001100101001
01000011101110101111010000111100
00101001001011100111011001110011
00110110010001001111001011110001
10100010110001010010000110111000
00111110101011011000101101010100
11101000111101110011001010110101
00010100111001111010001000000111
00011111110000000110011101111100
00110101101101000101010010001111
11011010000110010101101100100010
11011000101011111111011001100000
11011111010011101101011110011010
01111100100101110110111001010111
00111101100000100111110000011110
01101000010010010110110111001001
10000001001110010111011101110101
00000101011001001001111000010001
10001101011110110111000010101010
01000101011101010001101010001101
01011100000000011101011110001100
11111001111001110111101100011001
11111101010011011110100001101011
10000101011001101001110000111111
11111100110011110000111011110100
10100110110110011010001110010100
10100101001000110000011110101111
00100000011111100101001001100000
11100000100000001110001111111101
11000110110001000000000111001100
01111001001001111001001000101111
01101010111101101101011111101000
10101001101110001100001111110010
10000111110001101000111110111011
01011110000010010100000010010100
00111110111111001111100100011100
01110111111100010000101100011011
01000110110100110101100101100110
01011010110001010001010001101011
10010111010000010001010010100111
10100110001000000110100100001001
00110110001010110000011001110001
11010001010011000001101010101011
10101011110101101101010000001000
11110101000010100001101000001100
00110000110110110110001000000111
01000000001101001001101010100101
00001010000101010110001011101111
10100100010111100111111110010001
10001011111100111101010001100011
11111000011011100101111111111111
01110111100010111111010001010010
00010101001010011100011110101011
11111101010111000101110011011100
10100001100100011101100110101111
00000000000110011011011000010011
01111110000011100000100000011111
10101000001001100101001110101011
11111000110000111100001101000010
10101001110010110110001000111110
01000011110000011100110001100100
10011001001111111011011000100010
10011110100010011001001011100100
01111101000101011110010000111000
11000111001110111100000111000111
10101010001111001010101000101100
10010110011100111001111101101110
00110110101001001111100111101010
00011100100011111001010110010110
01000011101011111001110110000011
11110101001011010011000011100101
11110001100010110000000010011001
11000011100011111010001101001000
01001111001010111000100101010101
01100101111110110110011011001101
10001110110001101101001110100000
00110010001101001111010110100100
00111000011101111101010001010111
11001110111001010000111110000000
10110111100111111111000111011100
11001100100011011000011011101110
11001010010111001001011101101011
11101000110100011100001011100101
10001100010111110001010011110100
10010011010000100011011101110000
00010001000010110101011100111110
01001000001111010111100111111000
01101010010101100110111000010011
11110011101001100100000000001110
11010011111001010011101101010110
00110001111111010111001101010101
01100111101000001111010110101110
01010011010000111011110110000111
11111011100001110111001011011110
10010110011110101000000110110100
00100110000100110110000111100001
11001011100100010010001000001010
00001000111011111111101011110111
01110000011001000010011110111110
11010101000001100100000010100100
11001101100101011001011011011101
00010110000000110001111011000111
00010000000111101110001001111100
00010001010010010001110110001010
11101110010010111000010100111111
01001100100011110011011010100101
01111000100101110010011001010001
11010100110010101110100000000110
10010101110110110011001110010001
00100001000011110101010110101101
00011001111000000011011111010010
00100100010011100100110011010011
00100000001000110001011101110111
10111001011110110111011001000101
00100110011111000111000101101000
01011001101011101001000111110111
01101011010111010001100000011101
11000111001101011100110010001101
11101111001111011100110011111001
11100111101000100000101010110111
01111001000100110100010110110000
10100011000011011101011001101010
11001111000011001000111101000011
00010000000111010110100101111011
00110011001100100111001101100111
10100100001110111000011111100111
01110110101001000110111011100000
00101001111011101111011000111011
00100100101011100011100000000000
00110110000001000000010000001101
00011000111100001100000101011100
11110111000000101100101001010000
11000110011101001000000101010110
11100010110111111011011110000010
00111101111100110011001010100100
00011111011001001101111110110000
10100111110001010110111110101111
11101001000001011001010000011101
00110111101111011100011000110010
00101100010100001001100100101010
11111101001011100000100101111101
10100011010111011110110110111010
11111010011011101110101000011011
11000100010011000100011001010110
10010110111101000100001011010101
01111101001000010101010111111000
11110000110010111000000001100000
11111100010011111100001011111001
01110011101101101100000101110110
01000001001111000110110011000111
11101011010110010011100001010011
01000010001000101001110001110111
10111100110100101001110000010111
01101111010100011110100101000001
11011101011101110100100011000010
10111101111110010101011110001010
00111010011001101100011001000011
00110010100001001011000111001100
00101001010100011110110011101000
10011001001111010011100100010000
10000100010010011010110101100010
00000010100111100010101111110001
11100111111000001111000101101011
00000011011010110010010110001110
01001110101011010001000000010110
00100010101000111110111101101100
10011011110010100110111101011110
01000001001101001000010010001000
01100001011100111001111001011110
10000001011011111100101010001001
10001001110010110111011010001001
00011101101101001001100110000001
10000001001101101000100101011100
10001001010011101111100001110110
11100010011000010101100100010100
11101101101011001000011011001010
10110111001110111001000000010111
01010101001110011011101011101100
