10000100100101000101111101110110
01001011011100110101111101000010
00100100011011011001011000001111
11011100010000000000011110001101
01001011001010111000011011100110
11011111010001111000001110110110
01110111111110011101101110111010
11011100101000000011110010110001
10000110111001010100010111100001
11100011010110101001011001100111
01011011101101101000000110111110
11101011100001101000111111001010
01000010111110110111100001111000
01100011101110110100001100100101
11011100111011011100011100000001
11011001000101100111001101001000
11111110111000111000000101010001
11010011100000001011001101100111
10111111010001100111100111111110
01101100000101010001001110110111
10101110010111011001011101100010
01010100001110010111001101010101
00100011110110110001001111100001
10101111001011110000000101000000
10011111001111101101000010011010
10001001001001111111000010111011
00010010000000101010001110101011
01001111111111101111001001110010
01101010100101110001000011000000
01010000010010101000010011011001
01101110100001001101100101111000
10110110011111011001001111011011
01101000101100111101100100010011
10100010110010111110101100101100
00100011000101110000001010011100
01100001111001101111011011000111
10101010000111111001010011011110
01000110010010110001101000111001
10111100010100000110111110011101
10011011110001101001010000010001
10110001010000010011001110111000
11111011111000101101111000010110
10110011100101110100001000011001
10100101010101010100000000000010
01111111010011000010110111110101
10111110001001001011000010000111
01101101000110000111100101111010
11100001011000111100100100011011
00011010001110110100011010111101
11001011100110010100110010011000
10000101001011001011111000011010
00001111010101010000011100110110
10001010001011101010101011011001
01010010100101000001010000111000
00110000100111011100111111000110
11110001110001111000100101001101
01001100111001101001101000000001
00001110100001001000110110101001
01110011011111101011111111010101
01010000111101111101000110000101
01001111111011001110110101100011
11000000111100110110000100001110
00010001111101100101101101000000
00110100000000100100010010011101
00101001111111100001110001101101
11011011000011010000101101001001
10011000010011100001101111011011
10000011011100111111100100001011
00110000011111001010000100000100
11100110101011100111000000011010
11011010011110000000011000110011
10111100010010111110111010110100
01000100101100000111010010010001
00101111100000110100010001000000
01011011001101010001110001001000
00001101111011001011011011000011
11111111110100110010001011100011
10001111101011011100001000111111
01101001101001111100000000100111
11110100110101001001100100001101
11100101110001111101001011110110
00011111001010001000000001101110
00000001010010101010011010011001
01101010110111001001011000000101
01101000001011010011100101000001
00100010110001010110110010100000
01010001000010000101000101011110
00011001000111000111011011011111
01011011110100010010100111111001
01001111001110010001101110110010
00011010010110010010111011011010
10011100110101111001100001111101
10000110100100001101010110010000
10001111011011000011000100101011
01010010000110000011110110000010
01001100011100001001110000110011
00110100111111001110001000110101
00010111110101110100011011110100
01110111111101001010100110111010
00111111000000011111101000101101
00110011100010011110010100000111
11010111010001110000000001000111
01111100101100100100110111011011
11011111000010011011011010111001
10101000101100100110001000110110
01001011010100010101011011011010
00011101110111010011111111111011
11010010011010100100111011000000
00001010110010111100100110101110
11011011110011001001001100101001
01111100110011010101011000011001
11101100111000010011010011100111
01001001000101100110000000001101
01111011110111100001011011111111
10001011110110010001010110110011
01100001111010101100110001010001
11100001011010011101110011001001
00011101110010001100111001110001
01100001110110000110100000010011
00010010000010001110010011001001
11001101010000111110100000101100
11111100111110101110010100101001
00000110000111101111101001011010
01111010001110100000111011010111
01101000111011101111010100010010
11010100000101010110011110001101
11111111010011000100101101001111
00001000010110100010001010010110
01010110111100110110001111111100
00000000011111110010001011101111
00111011001000010010000111000110
01011011011000100001110000001110
11000011011010011110011010101000
01001001111001010101100101000111
01111011001001111101101101010110
11001100110100110111110110011110
10010010111001110000001100110110
11100010111010100111100001011110
10000111000010101110110101101111
10001101000000000100000111011000
10101001011110111110000100001001
11001100100010100011001101000110
00010010101010001110001000001110
00100100001001100011100010111010
00101011010110101111100011101111
00000000111011100000100110101101
10110000001010001101000011010001
00101010011010111010111001001111
00111100010011110010011011000110
10010101111111011001001011010101
01100101111111100110001100110100
11000100100110100001011100100111
10011100111001110110010111110001
00000100000110001101101000100100
11110010100111000110101100111110
10100101000001011001101011110001
00001010010101001010100000010011
10010101110111000000000011011000
01000100110110000001100110111101
01001110010101011011101011000100
01111111100110011111010101101001
00001011001100011010000001010110
00011100011111100111000010010000
10110110110011001001001000000101
00000111011000011000010000100001
01111011010001100011010111010101
11001001111000101001011010100001
10000010001000011101100010010001
01110100110111100011111011110110
01111101001101010010001001101001
00111011101010100110111101010110
00101110101100011100110001111110
01100001101000110011111100101000
10100111110100101110111111010111
11000110110011000010011010111011
11010011010110111000010110010111
11000000111101010010001001001010
00100001101101000000011010101010
10110110110101011101010011000110
01010000001101110110110111001011
00110101011010010011111111001010
11010001111110100110100111001110
00100100100010101110010111100000
00000011101110110110000110010001
11111110100011000101110010111111
10010011101011001000011001011101
00010110101000010010110001001011
01110110100001001001011010111011
00001111111101000010110101011010
11000010111011011101100010110011
11010100001100100000101010000101
01011010011110100010001100000100
00001000001101101101010001111001
01011000011010001110100001011111
10101001001101101101110100101000
00111101110110001100110000011011
11100100100101100010000010011111
10000010011010000011100111110101
00100101111011110001001010010110
11100010010101101011101111111110
01100101100001001110111111010100
10100010100010011100000001001110
10100101000100000010101011111010
01101010110110011001010110110000
11011010011010001100011000011001
11110101110100000000010110101001
10001110100111000010011111011001
00101001000110111001110001111011
01101011001001011110000100001010
01000001111011001111100101101011
00000001000001100011011101011101
00010011010000001001011110011000
00010011111001001110001100110010
10010111110001110111011100010010
00000110111110001000110011110100
01011110010010010101111000110101
00001111101011100000110100010101
10001010010100111000111010100011
11000100101101100111010001101011
10010000011100111010011110100110
00100111110000110101101000010100
01000011011001111110111111110000
10000010000101110010101100011101
00100100100010001111001000110010
11110001101100001000000011110010
00001101010000011010011110010100
01011001100101001100010010000001
10110010110101101110110111001111
01010110011011110010000001010110
11101111011110111101101001001100
01001010000101111010011001001000
10101101001101001110011010101101
10111010000000000110101000000100
11010110100110001100011101001110
10000000000100100001101011010011
01110011101001100101000000111000
00011101001110101111001101011001
01000000110100110101000011011011
10000101011011010000001000010111
11010010011100001110111101111011
11100010100011101001011001101000
11111011000111101101001110001011
00111001101101101010010011100110
11100111011110001010001001000001
10101001011101001000011001100011
10100000110001000101101010101111
10101110111011110001001111101101
11001000101111111100100000111101
11111010000101100011110100110000
11111111001100010111011100010110
00101110111010010010110011101010
11011010100011010011111000001111
01101110101011101111111100010100
10011101101010110011111010001010
01011011010000001100110101101101
01000001010110100101101110000001
