10111001111100001111011010010001
11010101011101001110010000000010
11010001100001000111100101110001
00000101100101111001101010101011
01001000100111100000101101110000
10000001000010100100111000001110
11101101111010011001011101110010
10011110101110011000010011010111
00101100101100101111110111011000
01011000100101100001011010010000
00101010000000111011111101111000
11111010010011111001111010011011
10100010111010111110100000100001
01010100111101100000011011100011
11111011000001111111001100111110
11101000001010001111111100001011
01001001011101101100111110111101
00010000000101101100110010100011
11110100001001000111010010100011
00110011001011110011111001111100
00000100110010010001011100111010
00011000110010010100111010000010
01111010010110110000010101111010
01111101001110110011010101001011
10001001110001101101000000010011
11001111111011011110111011101011
10000101000100110001111000001111
01100101110110101000001011000100
00110100011011100011101011010100
00110111100100010011101111101001
11011110010010001100110001111001
01000000010000111100111011011101
01110011110010100101111010111001
11111101010110011101000001101010
11011010000010111111100110011011
10010111001111110010011110011100
11111111011110111111000101101011
11100010010001001111101100101000
00110110101000000001110111101100
00101001111111100001101010101011
01010111001100111011101011001110
10010000110010000010000101110010
01100001111010000110101100000110
00000000011100011010101011001010
01101000000111001000100100001011
11000101000111010100101101110001
01101001100010010000111001101111
11110001111101101011001001000101
11101011010110000011011101100001
00001011001011111011111110010010
00110001010011110001001101011111
00111100011101011011000001101000
11011111001011100101110100101101
11101100001010000001000001001101
01001110010100000110100111010101
00010101101101010011101011001110
11010001100001000011111011000100
01100011101101011110000110111111
11011101000010001011000001100010
00101001011011001100010011010010
00011100011011001101001110101110
00010110110011111011001000001010
01001011110101010111100010100100
01010101110011110001110011000000
00010101110011001110010100010010
01001001000000000101010101100011
10010110110100100000110100011010
00111100000000000100000010100000
00101000100110101110010001001011
11011011100100001101000100101010
01001011000101011001100010000110
10011011111000111010000100100110
10000101110000011001110111110100
00001011001111110011101010101011
11001101100010111110011010010100
01101111100010110000011111110010
00000010011001010010101011010110
01001111011100101010110011010001
00110111100010000000010110100010
01010110101111111101011010010100
10111010011011010101000001100111
00010100001010101000111000000000
00001010001100101000100101100011
00110110001111011111111011111100
10110111000010110000000100100001
10000001110101100011110010101000
11010110111101111100000001111001
01100111100111000101000101110010
01011101010110001100011010110100
00100101010010110000111001101000
01001001110100110010111010000111
10010100110110111010110010100110
11001010011001001010101101111111
11101011000011000000100110110011
00001011111000001101000011010001
00101101010010000111101001111101
00001001010110000001011001010111
10000110011100001011100011111000
00010010111111100100001001111101
10100001111100001101011110111110
10101011011111001001010111010011
00000101110100000000000101101000
11011101010011010000001101101101
01000101000011100011000101100111
01111000110011001000110000000111
11101011000111011010010010011110
10100000101010100111111001111001
00010100100100000100101110000011
10100101101100110011110101111110
00101001111111100001101010011001
01111101100010011100101101001111
10010010000111101011001011000011
00000111011011111011010000101000
10100100101011001011101111011011
10011100011111100011100101100001
00101111010000111101101101011111
01000001011001100101000101101111
11101100011111110110100001001000
11011001100100110001000100110001
01110100101111111001011001110111
00011100001101010000011100101100
00110011010100000100101100010001
11000110110111111011100110011100
01110110010100100101101110101111
10110010110010101101011001111001
10011010110100010100111010110001
00110111110101101100001111111011
10110110010010001100000101111100
11011010110111110101110001100100
11011110001000011100000011010011
00110100000001010111110011101101
10100001101101111110101100100010
01011101100100010010100000110000
10111101101011011000111100011111
01101010110111110011011110001011
11011110011110011010010100100101
11011000111010010111110010111101
10001101101110001010000111100011
00101101011111011010110100000100
01111111001011001110000110011001
10110101010100011011111000101100
11000101101011111111110001000000
01001111001100011011111011001101
10010111011000000001001110101010
10010100100000010101000110110000
10011110100111010100011111011011
11011110110000110000000010001001
10011101100100011110010010111100
11111111100110101010101010100001
10011000000110111110111001010100
11111101101101011101010101101100
00001011001000011010110011110010
00001011100010000001001111111001
11111010101110101100001001111100
10011001110011111010000111000010
10001001101010101000101001101111
00100101011001111011001010011101
01011001001101010000011011010101
10010100111110101011111110111110
01100101011001011101010001010001
11000110100111000010100010011110
11111010011000101110010000011111
10011100011111001110000100011111
11000100000111010011110010101010
00100100011000010110011011000010
11100100111001000011100111101111
00111111000011000010111110110010
10110010100011010011101011111000
10000110001011110111110011011110
01101111010011111111111100011000
00010100100100010000100101010111
00000000010100000011001101011111
11000110110010010100010010111010
00110110010011110010101000000101
00100100000100110001101000000100
11101101110001000000010111100010
10111111000000001110011101101111
00111111001110110110111100010000
11001000100010100010000001010110
00000010100110001000101000101000
10111000000001100000000100011011
01100101011010110100010001111011
11011100111010111000000011100001
11000001100100001110101010011100
00000010010110100111100110100011
11100100100000111000010001000100
11000001001101000011011111111100
11101110110101100101010010111010
01111110110010100101010000101101
10001000101111100101011011110101
11100101000111101001110110111011
01011111111101101011000011100001
11101001000110100111000100000001
10010000100000101010110001111110
11111011001100111011101000010001
11100111101100000100001010010001
01101110001001000111001100011111
11110101111101110100101110101101
00000100010001000010001010011000
00110000111011111001110100010110
10100110111111101001010001101010
01101011101000010011100110110010
01110000000010100111100101111110
00001010110110011000101001100101
01100010011011111011110110101010
11100000010011000111111111100001
01011011010100001001000010110010
01011100011000100011111111010111
10101001111100001010111110111111
11010000101101111010000001011010
11100110001001011110010111110110
00101111100100110110101001001110
00111110100010110110100000100001
11101011000111000011101101111011
00000010100111011101100101000111
00001001111110000001101100110001
10011010110001101101111110001110
00001100010010011011011101100100
10011101001011101010010100110010
11010110000101001000011101001111
11100001101001101101111111100010
11001110110110001011101010100110
11011001110010000101101110010110
01110000111110110110011101100000
10011100101110101000101111101010
11111100001010111100010101111011
10011100100110011110110100101011
11110100100010001011000111110000
00011100100100111110101011000010
11010110001010010101110111101110
00111101000110111011001101101011
11100111011111110010010100001111
01010000010111010100000011111111
11011001100010111000100000001100
00111010001001110001000100101011
00011010101111100101000100111101
11100000010000001110100101001100
10010010001010010000111100010000
11000010100011001001011110010010
10011001110101001101000011101110
00101101100111000000111011001111
01011100111101001111000100001111
11000111111011000010101100000110
00010101010100110001000111000100
00000001011110000010011011101100
00000111101110001000100001110100
00001101111110111101110101011010
01001010001011101011011011111001
11010110111111011011010000110111
00010000001010101101011010001100
00011101101100010111100100011111
00100000110111010100010001100110
01101001101101011011010110111001
01110001111110001101001011110110
11101111001011100010011011000010
10000100110101111001100000000111
