00010110001111010110011011001001
10110001100101000100101110000101
00110111100001011101001010100111
10001001001101111010011010011111
00001011011001110010010001100111
00111010111010011100011000100101
00110010110101000000100000110010
11011000110010101110000110011001
01010001110100000111011100110111
01101010110001110110001001000110
01000100111111000011010111101010
00000011111010001111010100111101
11110101111111001011110011011011
01011101000000010111110100101110
00001101111011101100000011100111
00111010100001100100000111110011
10010001111001101100111010010110
01010111111011001110000010011010
10011101000101110010011101101011
10011111110101110011001111101101
00100010111011111110011100001000
01011001110111111000110000100110
00101011010000000101011111011100
10010010111011110011100101100111
11110000001000101101101101001110
00000100110001001001010000010100
10110110100000010110101110000111
10100010000111110000110010001111
01101011001000000110010010010110
11101110010001011010010110000101
10011100100100101101101111110100
00011111011100100100111100010100
11101010001110110011001110000101
11101111110000101010011010101000
10111101010111111110001110101001
00110000111001101101001100010100
10111001001011111010001011011111
10111011111010101011101100010111
10010111100001101000110000101101
01110011110010000001000001010111
01010100111100000011011000101110
00010010110111110001011101000111
10100110011111010001000110001101
01100001010010110111111110010100
00111110111000110100000100100100
11100110100111111100111101110011
10110101001101000111101110000100
01000110101100011110101101110001
11100101100110110001111011100000
00111111011000010010000011111100
01000000110001011000111111111010
10110011111001110001100111011001
00001101011100111001111001111100
00110100110011001101010101000101
01110101010011111110101001011111
11110100001011001000111011001101
11100000001000000000000101111011
00101010100010100111111111111000
01010011110010111000011011101101
11011000000010110100011100110000
01011000110110100000100110001001
11111010101010100111111110011110
01011100001001001001101100001101
00111110001001010001100000101101
11101010001000000001001000101111
11000011111110111001111010111110
10101100100011110100110000111101
00011100000101101011100101011100
00111011101011001111101010110100
10000001111011100011011001101010
00010001010101111000101111000101
10100001000010010110101111111011
00100100000011001111100001110100
01011010010111100101010111000100
01010111001000110110000010000000
00110100010101001111100111010100
01101010001001011101111110110001
01100000101000100100110101100011
00000110000101011000011010011101
11011001111011110101111100100001
11001111000011001110010010000010
10001110111001101100011010100001
00110000111101110100001111001010
01001100000110001100100001101110
01111001001100000010100110110010
01001010111101011100101110111101
00110111111101110001010101001010
00001011111101110101000110101010
11111001111000000100110110001100
01000001100100001010100010011100
11111001110001011001010111001101
11000110000010100111010001100111
10111010010101010110000100000110
01000011000100011001010100100110
10110011101011101111011110111101
11001110110100001110100011110110
00100011001000101011010010111010
01001111011001001001001101001101
10111000100010111100000011111100
10101100010111001010011110110100
00010001110110011110110010001101
00101010111000100010100010100100
11111110000100010100010001101100
10111011010001001100111111100001
10000110101000010101101001111100
11111010000011100101011111101101
01101011101000011000111010011110
00000011101111011101110101000001
10100010010001010101101000111010
11100010000100011000110010110101
10000010100110001000110010000101
01000111001001001011101010111011
00000100110101101001100110010011
11100001010111001111001011101011
01110100101011101111111110010100
00011101011110101011110100111101
10111000111001100010001101111101
11101000111010110100110000110011
10000110110111001100110111011110
01010100001110010011100010101110
00111010011010111010111101001110
01001001110001101111110010011000
10101101011110110100111111101011
11110001111111010000011100111000
01000010110100111101001100010111
00101110001010000110100110100001
10101000101100000101101011011101
01111011011000110101101111001111
11100000010110111111010011100001
00100111111001001111000111101111
01110011111001010011011100001101
11111010011111000100110110111100
10111000101101110000001011100001
10011001010111111111011110100000
11101010011000001001100100111111
01110100111001001111111011011010
10110011101101111010000001000111
00111110111101010111000111110110
10111011000010110101010001100010
00101011110010001100101111010101
00000010101101110101111000101100
00011011101110010111000011111000
11001100101110100011010010011000
01101110101011010010111100001100
11100010100010101011111000110110
00110101101000101001101001000111
00101100100000010110010010011110
00111001001110101111111110010110
00101101111101110000001011111010
00001010000001111001000000111000
01100110100110111101001011111000
00110001000110110110000100000111
01101001010010011001110110010001
11100011101111101001011010110100
10001001011010100010000111000001
11101101110111000100100000101010
01101011110100110110001111100000
11110000001110101011101100000000
11010011110001000100100110011010
01011010001111001010011101001101
10010001111010010100001001000000
01000011011001001100100011111100
10101010111100101000010010011111
10111100011101110111000111001011
01110111011100111010101001011001
10100101101111101011110011001000
11010000011000100011011110010111
01000100100110001010001110101100
01010110011101100011000001101011
01111111110111101101111001101001
10100101000100000001010110100101
10111111100110001001000101101111
11111111010101010100010010110011
00000000111010010111110010101000
01000000100101001100001110110001
01000100110001111101010110001010
00000001100011001000101100111010
00101011001010110110010000011110
11101000101011011100111101011110
01101101101100100100010101011001
10001011110100100011011010101110
00100100011111110010000100001000
11110111111101110110111111111010
01011010111001010101101111100011
01010000110000011011010101101011
11011111111001010111000001011110
01101111010001011001110111100101
00000100100010100100010111110010
10001111001011000100101110010101
11011101101100101111101101110101
11001000011001110111000111001011
01011100011111110101110001011011
01101101100101100100000110001011
01001010101101111001101000101000
10101010111010001110000001011010
01010000100001000110110000101010
11011110011010000110010001111101
11001100000000100000011000101100
11111000010110101001001011001011
10011001000101010100001110000011
11011011001101110100101111010011
11011100101010001011111100111100
00000111111101011001000101001110
10001111011111011011010010011010
11100001110100011110010100110000
11101010010101110101001000001100
01110011100000010110110111010101
00110111000001111110011111101010
11100010110000010010001000100011
10001000010100011110100100100000
11100110001001001010110110011010
11100011011111001010101101010000
11101000011010000110000000001010
10000000010001101011101101001110
01110111111110101110010110010100
10011011110111000110100101010011
11100110110000001010001111010110
00111100101011101010110111100010
11001010111010100100011001000010
11111010000000111101010100101001
00010000100010110000010110111110
00001000100100110011101000001001
10001011101011101110110111110000
10111101010001101001100011100101
11101001101010010111110010100000
10101000010000001111001000111101
10101100100101110111000100001000
10111011000010001101100011111010
00011011100100100000000011010110
11101101101110000101001001000011
11001111011110101000011110100001
01000000000100110000000111110111
11111110000000111110111000101111
00011010101011000001110110110101
00010100110001000111011011010100
00111101011001100101111110010000
10001111010111100110110101000000
01110110110010100011011010000111
11101100011111010101001111010000
01111000111100001111010110001100
11101000010011010101011001110001
10000100100111100101010101010101
11011001101000110100000001001000
01100101110001011010010111000100
10010100110010001010111101110000
11100001101111101100110111010111
00001101110111000011110000100110
00111011010010111011110001000111
00100000111010001010011000110101
00000110111100001110110001010010
11010100000111011111011101101011
10001100101101101011110010000100
10010011000110001101011001100011
10010111001011011001000010010000
00110110110101101110100101110110
10011110110101001000001110011001
