11100111111011101110011101100001
01011110111100110101111100110000
11100100100110110100100000101110
00010101110010101110011101010000
00000111001000000001111000010010
01100001011110110000111111101101
10100111111000010110010001110111
10010110111111110000001000101011
11101010100011101101000000101010
10000010101000010111010110010011
00001111001000110011011111001101
00110111100101001100010100100010
00001000000000000110110101101011
00011010111100001100000011001011
11010110001001010110010110001010
10101100001011001001111110101010
00000111110100010011110001000100
01111110001100110000010100011110
11101110111110010101101001100000
11100101011000010100001111010110
11000100001110111100101011010111
01101100000000001000101010011011
00001010011010110101111111001001
00110011000101010100101001101101
11100010100001000000010010101000
10010111110001010010010100100110
00101110011010100111110000000111
10111100101111101110100001000001
11110111010001011100010101011101
01001110100111110111010001111111
01100001010100010110010011000110
11110111001010001101011100011000
00110101001101110001001110000010
01111010110010001000001111010111
11111011100101100101100100100011
01000000011101001111010100100101
10001111011011000110100000001000
00100011100010011101001011100100
01111111000111100001011101011010
10010000101111000100001100101111
10111001010001101110011010101001
01000111000100010000100111110011
10110111100111110001000100001010
00100110111101100010001010011111
10100011010001010010010100100110
11100111101111000001011001000010
10101110101101000010101111110010
00100111110101010000111111111111
00000111110000111100001000000110
00100100001010010010111000111011
10000011110101011010100111000110
11101010111000011110110000101010
00001111100111100010110011110110
00001011011101010011100111111110
11111000100000100000010110111100
10011010010010010110011101010110
10101111111000101111111101111011
10100111110011111000000001100101
11011100011001100110110111000100
01110000101000100110101101000101
01000100111111101011001100010100
00100000100011010101011000111001
11100110111100011000110001101101
11010011110000111111110010100001
11100111101001000010011000010000
10001110000101011000111110110101
10011110000010010100010111001111
11101000011000010000110010001000
01111001010010000001100000111011
11100100001101111011110000100111
01100101011001101111001110000011
01011011000001011111000100010010
01011011011100111000101110110001
01010001110010010111001000101100
11010010110001100100001011100110
11101000011001000000001111000000
10101111111011011010011101101000
00110010001111110110110101111100
11000111001011001001111010100100
10000110000010001011001000101010
00010011111000011010111111010111
10001100111110010000111001101111
00100000110110110001000101011000
10101011010001111111000001001100
11100001111111000010110001110001
11100000100101000101010010000011
10011111110000110110101010011011
01001000100010111111111001100110
11010010001110100000001011000001
00001110000101101100110100111110
11111011001011110101010100100001
11101010110100111100111010001001
01111110111100101111110001000001
10101101110111101111001110100010
00110111011000101101011000001111
10000101010000100000101100010010
01100011010011110111010000000110
10010001101001001011010101111101
11111111001101011111111100111110
10000000011001011101111100001011
11000000110100110101000101101000
01101111011011100100010101110111
10110001010111001010000110100001
01100011011011110110001100110001
01000100011110100100001100101101
10000100110001100011000111011110
11010111010000000110011011001110
00001001001100010110011010110111
10111000001110111010111101100000
00100100111101100011011000001100
00010011111101100100101101100001
01011110001110100110100001011000
01010000100100000011000000011111
01000100111011000010011100110001
10100111110010001110111111011010
10110101110111000110101110111111
00000110000101000110011001011100
11010000111010001011100010111101
11001111011000110101010000110000
00000111101001010010101111001111
01100001101011101000010010001111
00111011010100011100111101000100
10101000101111011101110101011100
11001111011010010101111000100100
10101110100110101111000000110011
00000101101101100001100101110110
10001011100110011010110001101110
11001111010111010010011111000111
11111110011011010011110111001010
00001011001110100011011101111001
10000011111000111100110100011001
01100100110000000000010100110010
10000100100000001000110110101110
11010100001100111110001100100111
00010111110001010101000111000101
11110001010101101111110100011101
11011011111111011101011110010001
11001100100111111011101110010010
11110111100010101001000110010111
00001101000001110111110100010101
01010000110100011100011100011011
10100001110010110001100110100011
00100101011100101101101111110100
10000000011111000001011100110010
11101111010010010111110100111010
00011001110101011110100100111100
01101000000110101011011001001111
00111111101110101110001001000111
11010101111010011000011011010110
10111010010001101001010001000001
01111010111101100011101010011110
10110111100011001000101101100001
10001110011110100110000101111111
01100100000101000001111100000100
10001010100001001101100100001101
00010011001101000111000110001110
00100101001011000101001001111000
10111111111101111111010110110101
01101011101011011010111111111101
01000100001001100011110111100101
01101101111000111101100110000100
11000111010011011011110001001110
10100110100101000101111011011010
10111101001100011110110010100101
00101000001010101101110111111000
11101101100110010000010000100110
10011110011011010010100110011011
11111101101001111001000001001001
01110000101101111010011110111011
00111100101001011110000110001110
11100000100111001110101010100010
01110001110011000111111100101011
10111001101110110000110010111010
11001010110001100110001110111100
11000111010011110101101001011010
00101101111010001001000000001011
01110001000111010101000110010111
00001011110110000010000010011100
00101011101010110010100110001100
00110101101000000010101100001101
01001001001100011101100001111101
01110000111110101010110111101011
11001001101100111010110010101010
01000101111111001111100100100101
00010111110100101011001000000001
11000001001011011110110100001100
10111001000001010011100011010111
11010111010010100111110101010011
11000000010101011010010001101000
11000111110110011001010110001100
00011110111100011001110100111010
10011011010011110101101100011111
11101010000010001111011000010010
10100000001101110110010101011110
10110111011011110111100011110001
01110010111000100101111010001111
11001110010110001001111111110101
10000101111110001100111010101111
00101111111101110111000111001100
00011001011011110100010011000101
10001100000111010111100100000101
11110001101111101110011001111110
11010111010100001101010001010000
10100100010010101000010001000011
10001000000110110100110101011011
00000000011010000100110001000001
00101010101101001000101000110001
11110101111011110010101010011011
00001001011000001101010101100010
00101110111000010110101000010011
11010011111111010101000010011111
10100001100111111100111100100110
10011100111011110010001010111000
00100110010001110011011011001001
11101100001111101110001100000110
11000001111100110111100110010110
00111010111010100000010101101001
01001101100101001100000010011000
10101100110010000010110010000011
01100000011001101100000000111000
10101000100111101000110011110000
10101001111001001100001100101111
00110100010010000011000001000011
01011011010111000110001011001101
00010010111011010010111000110011
01110100000100000101000000111111
11011110110100000010010110101110
11011010010001110110100101001011
11000101111101111010100111010011
00000111110011011010001001111101
00001001100001011010100101100000
10101111100111011110000100110110
11000001011010001010101010010110
00110100010100011000000110011000
01110111101101000100100001100101
01100100000011010110010100101010
01000101011111011111010011010101
10101010101010000010111010111000
10001000111011010011111111100111
01000101011110100010000010000111
01010110101010110100101000111110
00000001100100111011101001111011
10111001010101000101111100100111
11101000000100001100111001011100
01000110100111011100001100001000
01010001011001101101001011101111
00010000010010011100010100111100
11001111010110001010110001000011
10000110011111001010101000011011
00010011010010101100111011111110
00110100111100001011000011010010
11010000100100001111100011101101
11010001110111100011110000111010
10101001110111011101011100001100
10100100000110111001011111011101
11000000101001001001110000100011
