11110010100010011011001101001001
11000011000001011011111111110111
10001100111010110111010000000000
01001010111000011011110001010011
10101101011010110001111001100110
00100110101011001100111100101100
00001001000111110111001000101110
11011000111000110011100111011000
01000101101000000101001100011010
01010111001010101100110111010110
11110000111101001100010000001111
00101010011000101000010110110110
10111001110001011001111000111010
10000001011110001010101110111010
10111110010110110000111011000011
11011100000100000000110101110001
11011010000101101100011001101000
00110100011100000101101100100111
10001100000100101101110110001101
11111111101100000001101011101011
10111100011010101010110110010000
11101001111100111111011001111010
01010101111011011011101001011101
01100000011100000000001110001001
10101110010110110111101100000100
00010100011111100011101110111000
01001111000011001010010110001111
00111100011101011111010011111010
10110101100001101110001101010011
11100101100101010001011110001110
10101000111000110110110110010001
10000010000011100000000100001101
01000011100010001101011101000110
01111011011001101101111011110001
00011110100001000001010011010101
11011100001011111100111101100101
10110001101111001100010101010010
00001000010011110000111100010011
00100101110101000110011011000010
00110010101101000110000010011111
10001010111110110011111101101100
11001001011111010010010011010000
10110110101001010010101010101010
01001000001011101001111110011111
01011100110111111011101101011010
00001111011010111111100111100011
11111000010110110001110110101110
11101001011110101010011100110001
01110010000000111011100010111011
10001111011001111101110110010111
01110000010010111010101001010011
11101101110001110111111111101011
11101011000110010111010011010000
11001010111000010001101000110110
10011111101100110000100010100100
11111111101110001001110101010111
01000101111101000111001101000100
10000000111111010001011111011011
10111010100100101101000110010000
11000111101001000100101101000000
10000100000100001100000111010011
11011001100001101010110111010000
11000010111111001100010011001100
01011101010101100110100110000010
00111000100010010001101110110111
10011100010001101001111101101100
00001100100111010001010100000110
01010111011001000101001101100100
10010111011000010101111010011111
00001011001101001011101011111111
01100110111001010011001000000011
01000000110010011111100110010110
11101111101101101100011011010100
00001110100011100000101001001111
11111011101110110011010011011010
11001111101111110010010001000010
10110010000111110111011000110111
11011000001010110001110000000100
01111111000011110011100100001110
01110100111100110110100111101011
10101100110110001010000101111011
11001000001011001010110000011110
10111001010010001001100000111110
11111000010001011000111000000110
01100101011101010011111111110111
11011111101011101100111110100010
10101101110000111111100010101111
01100011101110010010000001110110
10101110110001011000100001000000
11100001100011101000000110101111
11010110001101000011110111111100
01011000101110010100111110001101
11000001101010111001111010111111
10110101101010011110101100100100
01011000110011000110100010100101
10111011101100110100100010010111
10101100101010101100101100010101
10101000001001010011001110000000
01010011111110000010111010011111
01010111111000000111010110010000
00100010011101110110000001100100
10001100001111100110110001011101
11110101100111101110101001000011
11110111110010001110000111101110
11000111101110001000101101100100
01111010111110001010110110110101
11001100100111000100010100001100
00100110100101011100011110010100
11110110010011011101011110100000
01011011100001001101100011010011
00011010010010000001100111100111
00111011100111010111110101010001
01101011001111101100001011111011
10011101001011110110001001001010
01110100110000101000001110111011
01100000010000000110101000110111
01111010100001010001000111100011
00110111111110100101111000011101
11011111100110100000101111111100
11000100101101111100110000101011
00100111111010001100110000000100
10111110110101000100100000001100
10101011001001011000110110011111
01110000100110011101000010001111
11001001001010010001011110010010
10111010100100101011000100101010
00111111000101010011101001001000
00100000010011000100010001010101
01011010101101000111001011001110
00001001010010101001000011101010
11101001101001110101010110000000
00000101100100101101110111011110
01101001010101100000101010110101
10110111100101010011000011111010
10111110110101001011011010100110
00010100100110100000010010011000
10100001010001110001110110100010
01111010011010000011111000101100
00100001010110011101110010101110
10001001000101111101111101110000
10111111101000101010110000011010
10100001111101010110100001110000
00100010001100001111010111111100
01010011011001111110111111000111
10101100011000010100010101010110
11110001111001010100111100111010
01100111110100100110110101011010
10000011001001001010011111110000
11100110001011101101111011001000
01100110010101100101101101001001
00101011010101011010011001010111
00010110011101111111000111111000
01000111010100010010110111101011
01110101010011001111110101001010
10001100011111101000010110000000
00101000110010010101001110001011
00001111110110100001010111100110
01000000011001101101111001011101
00011111000010010000010000111110
01001000110011101001100101101010
00101101111000000010110001011001
10010111001000110101001111001111
00001101101010110000010101001101
00110111001010000000010110001000
10111101100001101001101110110111
00111100010101101110000000110001
11011111110100001011111010001111
10111001001101110011011010100111
10001100011101011010011010000011
11110101111101001010111000000010
00111101001010111100110000000011
01010000011101011110000011111111
11001001110001010010001000101111
01010000111001000101011011100101
10011111100110000111100000011000
00000001011001001010000111111100
11001000101000000101100101000101
00100001110100110100001100101000
10101000110000110000001110100011
11101100100011011011010100100110
10011110101011011010111100001010
00110111101011001101100001111000
10001000011000110001111011010100
01000101011010010000010101110100
10010100001101110001101001001001
00001011101111000010110110111100
01101011010110001101111000111100
00101110001010011011010011110100
01011110010001100101101111111110
10101100110110100011001101011111
01001101100111001110001100111010
00011111000011101111001000011101
00011010011110111010001000000110
10011111010101001101011111010100
00100101101010000011111100010100
11111001001100110001111011110001
11011000100111101111011011111110
11011011011111001111001111001111
01000011011001000000001111101110
10101000010101110111011111110110
10001111001001010110101001001011
01011101000010110101011111111100
11011010011100101101001011011111
01010011010110111011000011111110
10100011010110001110000001011001
00001010001101000111111010000011
11010010100100011110011110101100
11101001110111100010000100000010
00111110001111000001000001001010
01100100000111110000110100111111
11011101110001001110000000001111
11100100110001000001011001011010
10110011000111100110011011001100
00110101100010011000111111000001
01100000110010000110101010100011
01111101001101110101000001101010
11111010111010000110001001010001
00111010000111100010111001001011
11011101110000001011110100111110
11000100111111101101110100011100
01110001010010101000100011110111
11100101001111001010100110010010
00000000011010000111101011010111
01000000001011000001001111001111
00001110100011001001110101110110
01001100000101100000010111100100
11110100000101101011000100110010
00000101010110011000111011111011
01011011010001001111101010111111
00010010001101011110100010111001
10100000110010110111001011010110
10100000001110110111000110010111
11110001010001011100101010011001
01001000001000010111010000100010
01100000010010011101011000111110
10011111001110000011000110001001
11011111111101100100100001111101
10100101110101010110011111011110
01011000010111110111111010000111
10011101100101001110101110000011
11111101010000001000101001001011
01100101011101010110010110100110
00000101000001010011110011101011
11101010010110011011111111110010
00111101100111000100011011011010
11001111110101001111100110111100
10100110101110111110110010011101
10110010000001101110110101011001
10001111111001000000110110110000
01000010110101011011101101010010
01001001101000110010111011011101
01110000010001111001101010001101
11010000000000110010110001110010
11011010111111101000001100110100
01101100110000011111010110001111
11100011101101010111000000110110
