01101010000001010001001001010000
01111010000010000001110001001011
10111100011110100011101110101101
11101110101101101000111111001000
10000110101100000111010101101001
10110101101000000111001010011100
11010111011101101110100111010110
11111010001010001110110010111000
11100000101000011110011011001111
00100001111110110000100101100100
01000111010110000000100010010010
11111101010011010011001100111011
11001010000110000010010111101111
10010111110011010111011001011011
10110101001010000111100010011110
10011111010101001010001011000110
11110011101011001110001000100101
10001011111100100100100000111011
11111100110001111100000000000111
10000101001011111001001100100000
00010101111001100001111010000010
01010001111111111111011011111111
00010110000111111111001000101001
11101100011101101110010110000010
00101011000001000001110010101010
11000010110111101011000100011100
10011010111001001001111100001111
11011100110001010000011110110010
11000110000000010100100110000000
01111111111111111010100110100110
01111100101000011111101110100011
00000001101101010111001110101110
00011110010110000011011111001100
10101011010000011010101100110010
10100001101011111110101011110111
00111110110010010000001000110011
01001111111011000101000101100100
10100100101111001100111101110111
00111011111011110101000010101101
11101011110100000000111010001011
10101100010000101000101110110110
01011111000111101110111001101100
00110010001000101000000001101001
00100100111000110101001001110101
10100100010100000001110010111100
11010110011100111101011001010111
10111110010010110101100011110101
11110010111011111110111101010111
11011101001000111101100010001100
11100010011111100000110011100111
10101010110011110101011000010001
00000001111010111110001100001111
10101100111001101110110110000110
11000111111010001110001011001111
00111111010101011010000011100110
11110101101010011110111100101011
01101101011100000101011111001100
00110111110011001010100110100101
11100110100000100101101010001010
11010100001111011001101101110000
10001010010100111000010110010100
01001101111001010111101101001100
11110110001111010111110001101110
11001010110110110111000110010010
11010000111100001100111011110000
01110011101001001100001110110100
10101111110000011010100010101011
00110001010000111111111001110011
01110100001001010101101110011100
10000011011011100111101011111110
10000000111111000101111001111000
11111000101111010101001001101101
10101000001110010001010110000101
00011110011100010001001110110100
11001001101010001001011110100010
10100101101110001101011111000011
00000100111100110111010011010101
00100001010101011101111101000110
00111110000111110010110100010110
11000111110111101011011101001110
01100100101100000010111001000111
00011011101100101000010100011000
11100001000011100100101000000011
11100001111101100111000101001001
01010110110001110111101001110000
11011010101010011111110100011000
00111101010111011100101110010001
10100001001101111000101101001111
00000110011111001000001111100011
01001001110010111001000000100101
11000010011100010001101111111101
10110010010101100101101101100100
00111001001101001001011110111100
01011111011110100100001110010111
11011101010001001111011001111111
00001011010001010001001110111111
11011010001010101111011010101010
01010110101110110001110011101011
00011100111110001010101001010101
01111011110011111011101111100001
11001011101110111100000100100010
01001001100011010111101000111110
00110000001000110110111111001111
01101011101000010010011111011101
10110111011011110001011011000010
01100110110110001101010100001001
00001000000000110100100000101011
00110000111101011010001101011100
11010010111011000001011100111011
00110011110001100100111000001010
01000001111111001001000110011010
10011100101001001011110111101010
01111110001000100100110010011110
11000000101010101111111011011010
10001011010110001001111011100011
10010111011100000000001010111100
11000011011101011100111010111111
10000010001001110000010101100110
00100010101110010001000010011001
01110111100110010000100100000100
01011110010010110100010000011111
10100010011001101010001000101001
10001000010011010001100001110100
00001011010110010011010110000010
01101100011000101101101010010100
01000001011110010100101000000011
10100011000110100100001100000011
10000111010010100010110110100111
01000011011010101011111000110101
11000111010100000010001000011010
01010100011110101000110101011000
01100000101000110101011100011011
00011111110101110011100001011001
11000000111111100010010111101011
01111001111100111010001101110101
01110101110000010100011110011010
10000010001111111001100010001111
01111001111110111011100111111100
10110011110110101111010011101010
11111100111001010110010101101100
10101011111000001011010110000001
10010100101010010010010110111110
11011000110100001110101010000101
01001001111011000010011101000110
00001111110011011011111100010100
11100000011100111000010011110111
11011001011000011110101110100110
01110000011110100010100101001000
01101100101000001010110011001000
00010101010110011111011100110110
11110010101000100101101011101000
00001100000001100111011001000001
10001000110100110111101101010001
10000100001001000101111001000001
11010100010010010011010100001111
11000000101000100111101000001010
00000110111010110001101100010100
11011101111010110100000011111010
10110100100011101001100010001000
00100111001001100001001110000010
00101000011110000010000100010010
10001011001000010000001110000001
11100010010111110111010111110100
10001000010101101011010000101111
11000101010001100111011101110000
01011000100000101011001011001100
10000101001100101100110011111011
10011110100011010010001010111001
10000101001100011101111111011111
01011101011010001100110101010011
01101011010000111001000010101010
11011001100111110000101011101101
11001101011101001000101100001000
11101010000001110000011111101000
11010100001000111111101101111111
00000000010110010001110101001001
11100111111011100110100100111011
10111010000010111111010101100011
01101111000110101011011001101100
11011001011000110001110000011111
01110001110110010100010001000010
01101110110111010110010010001101
01111000111000110100011100101001
00001101110001010000001000010011
10000011100101100110000000110000
00101000111111001010111001000111
11011010101110100001000000111100
11111010110001000111000001011111
11111111111010011111110000101000
01110101010010101111100011100101
01111001011001111011011001000100
01011011101001100011001011111001
11111011111010110111010011000000
11001011111101000011000111111111
10010100000001011100001000111111
10101000101011101100100011001000
00110100000111000001011100000010
10011000100010001101000101011100
01100111100001010001010101110000
11110011101110000010110111100101
10010110000011010100001001110101
10001100010000011011000100101100
10101000100111010110101001100101
11000111010100011110001110001101
00001101000100010111011100100010
10000101101111000011001111011101
00011000100111001110011001011011
10001001011011010111001010110111
00111100100010111000001101110010
10101111110001001101100010101010
00100110100110010110001000010010
10100001100000100011000000000010
10100111010001100101101110111010
01000101010000000000000110001011
00101011010001010011101010100111
01001101110111101001010000101110
11111000110101101111001000010111
00010110010000011000001001001010
10011010010101011110011111110000
01011011111111001011000110110001
11011111001111000110101011111111
01000000011101010100100101100101
00011000001110111101100101000001
10100111101010000111001110011011
01001101000011010110011010010001
01010011011011000100001001110001
01111000001011011111000111110010
11100000000101011011000001001001
00001011100011101001111001110010
10100010000100110110000010101101
11101100111010100100011111000001
10001000100001100000101110101010
00100101010010100101001010001001
00000001111000101100011000100101
00110100111111010010111000101111
00000100101001010111110100110100
10001011001110101000001010000101
00111101110111101100100000011010
01010011100001110001011011110001
01011101101101011011010011000010
10001011111110001111011011010111
00110001111100100110100000111100
00000110010100001111000000010001
10001001011000011000010111110011
11001100100010110110010011010111
10010101111101100111001001110111
01101011111011001000100100011100
01100110100011000110110001001101
10010100001100101101101101100111
10000111100101101000001001100000
10100010001010110101110110111000
10111011011001001000111100111000
11011111010111011001101100000010
11101001011100111010010001110101
11010001011111111011010011100001
01111001100010000100110000101110
