11010100100110111011101110010100
01011001100011100011100000001101
01111111110001001101011010000001
10100010110011010100011000011111
01000111011001000100110101101011
10101001001111110010001110011110
11010001001010011111001001001000
11010001101011000000100111011101
10111110000110101011010100011001
11110100101111110000001011001111
01111010001110110110110101111111
10111000000111011000100000100000
10001101011000100100001010000000
10011101101100101010001101010111
10101010001100001000101110101011
00000100000110011011001000001001
11101111100010111111001000011011
01100101100111101000010000100110
11111000000010100100011011001110
11111000110010000101110101100100
10000000010011010011100001101100
00011001100111001010000110100001
00011001010100101101011000101111
10011111100000001100111011110101
00100110001010110111101101110011
10000111010100111001011100011001
11111001110010011111100101110001
11010000111000110010011111101011
01101111011101011111011110100010
01100000101110100000111011011000
00011011101010000101011001110110
10100000101111000101100001101100
10011011110111101011011011100101
00101111001101100000010101100010
01011011111001101110110111100100
01000110111100111110011100000110
10010110100001100101111000000100
11101111101011001010100001101100
00011010100010000011001000000111
00001110001110011111000110011010
01101000001100100000110111101001
01110001000011111100110000111110
11011011000111010001111001100000
10000110100010011011011010110001
11010101110011110000001110101101
00101001000100011001000110100110
10100100001111001010101101000001
01111100111111011001000111100010
00111111100000100111111100100101
11010111100111100110011011110111
10111011010000010110110101001101
10010110001010101101111111100000
11000110010011100100100101010100
10100010111111001001000011010000
00100001011110000101011001001101
01111000110110101010010011100010
01000001100100110111110011111101
10000000011000011011111000000011
00111110101010111111110000100111
11011100001011001100000101111100
01010111001001001001011100100101
10010011101011011110110010100100
01001100010011001000100010011101
11000100101001100100100111011111
00110101100000110111100101101110
01101101101111011101111111000000
10001010001010001001110111001111
01101000101000010000011000010010
00011110101101001111101111001110
11011000100001001001101011100110
01010011110101000110110101100000
01101010101110010110010001110101
11000010001001001110100101100101
10110101010000001111011111100010
00101100010000110111100011011111
11001001011101001100110111000001
11111000101010110111101010100111
11000101011011010101100011111100
00000101111100100011001011010000
11110110001100100101111011111110
00001111100001111111000101000010
01100101010100001000001101001011
00010010001111111001010111100001
00011011001011001001011110000101
10011111110000011000011000010001
00001111100100010010010000011100
10001100100101101011001111110110
01101100001101110001011010111110
10111110111101011110010010101000
11111100101110110111000000000100
00111010101100100100110011000011
00111010001010000001010011001000
00111000111011000100100101100100
11100010000110001000100100001001
00110110001100010100011111110011
01110000100111101001100110011011
10101001000010001101111100101101
11000100000000011110110000110101
10100111101001011110101100011101
11111001001011111110111110011000
00111110010011100010010010100100
00010011010011100110011010010111
11010110001010110011011111000011
00011100111110101101000111010011
10000110011110101100111101000010
01110001101010010111011010100010
11110001101000010110110000110010
01101000111011110110101011100001
11011111101110111101111100011010
01100101001111100111111100000010
10000100000110101000010110111001
11011011110001010001011100000111
00001100101001011010010001011000
10110111101000100111101010001000
11100010111001000011100001000001
00001100010001101110100001001110
11100011000000110000001101011000
11000011110000001100110000110010
10001111011000100110011101001000
00001001111011111010011101001100
11110011011100011101100010111001
10000101111001001111000000101101
01011000001101010111111011111111
01111111100111110011010010000100
10000011101001011110011010000101
11001000000001001110011110001001
01010010011011000110110100110101
00010000101101110011101000010100
01100000101101011010011101110100
01101011010110010101001100000100
11111010000100001110101111010010
11010100101010111110111000011101
00001101001011010010000001010101
10010001110000110001000101001111
10010010010111111010101001010011
10101110101000111111101001110111
11101010100101101101010001101110
01010110110110101001111011101101
10011110000111111010100101000100
10100111000100110000001010011011
00110011001010111011100100111010
01101100001011001011110101010000
11111100111100111010001001000101
11100001111100110110111101110011
11010110000011110111101001100010
00100101110100110111111111110010
10001100100101010101100110101111
11100110010010001010010010000111
10001101001000001111001010000111
11100111110001100000010001010010
11010000101011000000010001101100
00011101111101111001000100111110
10111001100001001011101010011010
01110100000100000111111000001100
11111110001001001101101100010000
11001001101100010111000010000111
10001011100100100001111000000010
10000011101110110000011001110010
01000011111001000001001010100001
00101101101111000001000101100110
10011001100000110110110000000100
10111101110110000011000010000110
10001111110000110110111101001111
10011001000111000101010111101001
10011100001110010101010000101111
00011010011001110110011101110111
10111101100100101111110000000000
00100010110111001110011101010100
00110011101010011111101111001001
00000010110100011110100101100100
00001111001110110000110010001001
10100110011000100101110001100101
11000101001111011000100101101110
01100111100001000100010110111001
01001010100111000010101100101100
11110111100110011101000011010111
10101010011001110111111101111011
10011000100010111100011010011000
01010101011000111100110110101101
01110010100010000000100001100011
10101110101101111001011011101110
10111110110011001100111110001100
01010010011011110001001110000111
11010000101100000111100101010011
10100111111101100001100101111110
01011000011000100110111000110001
00111110110110001010000000011111
01111101010000010100100110110001
10000000000010110110111110110000
11010100001011111000001010100101
00101000110101111011001110111110
01111010011011011010010001001010
11110011110111000001000100011100
01010110110101110001101100011110
00100001101011101101001101010110
10111100101101011000111000010001
00001101110111101111101101011001
00001100101001100111001101000100
00101000010101110001111111011011
11110001011111100001101010101000
00100101011101000000110000001011
00000011010010010010111010101111
01101001101001110000111100011110
11110101010000010101100101001001
11011000001000100001110010101100
01110100101001100110011010001110
11111010011000010110110001111110
11100110010001010100010011011001
11101001111111011100111100110011
00110011110010110101011110001010
10010101001111010001110101100101
01010000000010011101000101010001
01011101010001100101000110111110
10110100000111001001110111000110
10000101000100001000010111111100
10011010010111000111111000101000
00010010100011111011011111111110
11011000110100110101110000011101
01111101111111100001011011110101
10000111000110100010101010010011
11000000010110101001110000011110
00111001111010110110101000101111
11011111100001001010000100000111
10111001101101001111101100000001
10011101110110111100010010011000
00111111010100011000000001110001
01110100110000101010001001000000
01001011101000100010101000101011
10101101010101000100110110101110
10010101110110000110011001101010
11000011001100101100100000000000
11111011111011001000110111001101
11111110010010101100000110011000
11110011101000110001101010011010
01111111011011000001101100101101
11010110110111101101000010001011
01100101100011001100101101110110
11011101011010010111000011010111
01001101101001110110010101010010
11101011011001110001110111110011
10110010010110001001110010010000
10101000011011111110101100010010
01010111110001111110011010010001
01001011011100011010000111111101
11011110011001010000011110001010
11000000100110110000101011010100
01000000100100100111010010110110
01100011001010111000101111101111
10010100011001111101010111011111
00001100100101000011001110100001
00110011000010000100010111101100
00100110011111101110011110111011
10010100111100111111111111110111
00111011001000100101001000011001
00101000001011101011110011010010
11101101001011101100101010000111
