01011100001111101110010110101011
01111010011001011111101011111100
01011101111101011001011111101010
10000111011001001000000100111100
10100110010110010111100001010110
01111001011001101011101101100111
11111100011011101001100110000111
00000011101011111100111101110000
11001111101100011000101110001010
10011011001110101001000011110100
01001010111111010101001001100001
01101001110111110100001111010000
11110101001100110110011110000100
10101101111100000010110111111011
01001011111101000100110111111010
00101000011111110010111110110100
01101000110010010000001101000100
00101100111101001100110011001111
01011100110001011101010101000010
10001010110010111011100001001001
10101011101011011001101001000000
11011110000010011101100001001010
01010011110110100000001011101010
00110011000001001000001111011000
11001110111101011111000111010100
01001101011100110101100001011010
10111100100110001111110100011101
00101111101101000101101101001101
01101100100001100010011101010011
01110110010000101001100100110110
10111111001000011011011110101000
00101101100010001011000101010111
11001011110100001101000100000101
10001011110111100001011110000011
11001101100011000010110101101110
10010001010100111011111101000101
11100000001011010011011010100111
10000101111011100010110101110000
00100110111011111010000101010011
00101111011100001011101011111011
11000010110011101001110111101001
00001010011000010110100000001000
00101010110010111011101000100001
00000110100011110110110101111110
01000111101000000000100101000010
01110101111001001000110100001000
11011001010101011000100111010100
01000110111111110111110010001100
11110011000111111011001100011100
11101000100101011001001000000111
01100001011011100000101101010101
10011000011110000110000011010010
00100010010110100000111011101000
01111111111010110010101011111001
11110101011010100110000011100011
10100101100001101101110110011000
01000100011001001100000110101000
10000110101111100110110100010010
00100000010010101100100000100010
00101110111111001000010010110010
01101100111101000010001100100100
10111000010011011010111010101011
00000111110111001011001101100110
00010010100100110110101101111000
01011101010011011011000001100111
00001010000100100100000010100101
01001100000111000111101101010010
10101101100110111010010010100100
10101010100001001001000110110110
01110111111100011011110011010101
11010101101110100011101110001100
11101110010011100110100111111011
10111000011101101110111110010000
01100001111101000100101110000100
10011101110001001011000010000100
11111011100111100110001010010110
00001011110001110111010111001001
00010111001101111011011000011100
11001001110110000010001111010101
10110111111101101011000001100110
11011010100110101100100001111100
00101000011100100010001111011011
10101110100001011101100010110110
10100000101110111011010101011110
10010000010110000001001010100001
00001010011000001100010001111100
10100111111110000011011111110000
10011001101001010100100100101000
10011000011100111000101001110001
11010001110100000110100100100011
00111110110101001010000010100010
10101101011010010000111100101100
01010011010101000000010000000011
01000011110001110011111101000101
01101011110100011100111101110000
10101101010001111100011011011100
00011000110000100110100011111101
10100111111010001110110100011101
11010011001011100001010110000000
01010000000111111000101001000010
10101101001110010000110100011010
00001110001110001001101010101010
10001001100110001110100101001010
10101101110010011001010000101001
00100000011101111101011000100011
01000001100001101010001101111110
00010100000010001110010000111010
11000010101011000010011111011000
00111100100010100101111000011001
10100001000101101001100101101011
11010111010110010110000001000111
11110010111011010111101100011000
01001100101100001011100110001101
01011011110000011110010101101111
10111001011110101010100111110010
11000111101100111111110101111111
11011011110001110100101011110000
00001011101110000101000001101001
11111110111011101001111011011010
01111000001110111001110000000011
00010111001011001111010001111101
11011100001011001100000010111010
00010101100101010001011110101001
01011101101100000111100000110000
01000001010101010111101001011001
10101110000101011101111110001110
11001000010000001111100101101100
10111100010011110100110000101010
10000010110110010101110110111111
10000010110001000001110001100110
00100111100000111111001110010001
11101100110101001110101111011011
11100100010110011111110111111100
10110010000101000101100001011111
10111110100001000001011111110011
01100000010010000001101101010101
01110010001011111000101001010100
00100010000011001010101001111011
11110000011111101111000000000110
01011001010011011001100111001101
00000000000000001100001011011001
00010011011001111011011010010001
11011110001110000110111110011110
10001000110110111101001110001101
10000011101011010011111000010001
00111101000101011100000100011100
01000010101010010101000000111100
00110101001110110000010100000000
10000011111011111110100100101010
00110011010111101110111100000011
11011001101101111101111101101011
01001001110110011101000010111111
01100010011110101001100000001000
01001101101101000110001011101001
11010001111101100110001000010010
00001001101011001001001111100010
00111111110010110101101100001011
00000101001111101010000010010111
00000010001000101101010100110101
11101111111010110001101100001100
00111010011110101100000000001011
00100000010001100010000011101101
10101110101011100100000011001100
00111001110011110010110011101111
11000110010111101011111111011011
00101000011011000101100101110101
00011101000110110100101010001000
11011101000100111110111010010001
10101110000101000011001101101000
00010011111101110100010000001110
10011001001001111111111010111000
11111010010000111010000010101010
10000111101011101001110100011001
11011111110001010010010000100010
10010100000110111010011001101100
10011010100110101011001000010100
10010110010011110110100000011001
01111001001011101111011011101101
00000110100101011100011101011111
10000011011101111000100011000110
11011011011110110000011000010100
00111000101101100100000100010000
00000111111101111001110100001100
11000011110100100000101010001100
10010010010111010010111101101100
11101011001011000000000110010101
00101111111011000110101001001001
11110101111000111010011010011100
10001010100000001011101110101110
10010001011011010100111010100111
10110001011011001111110110100100
01000010100111000010000011011101
00100001111011001101110010111110
01100111001010011001000001111101
10001010100101001101001000110010
10101011111011111100101101100000
10000011010110110110011111101111
10010111000011011010010110010100
00101011000100101001000011011011
00110101110110110110100001000001
00101111011010110011100011000101
00100111001100010011100001000000
11011011011100101011100011101000
00000001110010100011011111111010
01101111001011010101011010001011
11101010010001010100010000111010
00110111010100100000110101101010
10100100000100000000101010110011
00101111010010100100000010010100
10011001110111011011000011110111
10011010110101111100110110110110
10011001110100100100111110100011
11101101111000010010101001010001
00000000111100010110111010100101
10111001000100101110011110101011
00110011001000010100110100101111
01001101011110001001011111000111
00001000011101001001110111011111
11100011101000000110000110000111
00111001110110000000110001101010
01001101100101110001010011011110
10111111100011111010110101111101
10111100111011011111011011100010
10100100100001110101110110100110
01001010111000100011011100001101
00101100101101001110011011000111
10010100011011000000111100111000
00100010000001110111110101001010
00101011110100110001010100010001
00011101100010011001110101110010
11011010100100101111111100000000
10011110000100100100000110000100
00111011010100110001101111011011
00000101011000011111111110111110
10110011111000010001011110000111
00011000011010000011111011000000
01010101011011001011010110011110
11001100000010111001100111000100
00000110100100001011111110100101
00111001101100000010011110010011
00101010101011011100101101100001
10000100000110110100100111100001
11101000110011001010110110100000
00100111101110111010101111001100
11100110100011001110100010010011
00100101110101100110111101010111
01101101000110110111011000111001
10000100011110000110011100000110
01111001111101010101111110100010
11001110001101000110111110001001
10011010101011011001101000000101
00001101110001110111111000010110
01101110010010101000100100010000
01001000011101111110110111100111
00111111010011100011111010001000
10110110110001000010010111110000
