00000001100001101010001110011101
00000001000101111001111110011010
00000000101000101010000000001010
00000000000000001010001010101010
00000000000000001010001010101010
00000000110101101010001010101010
00000010010000101010001011100010
00000101001001111010010001110100
00001000111101011010011100100111
00001101010110011010101010010100
00010011001000101010111010100001
00011000010111001011001010100100
00011101001101011011010101001101
00011111111100111011011100010111
00100001010100101011011110100011
00010101000111011010011001110101
00010101011100011001110111100011
00010100111011111001111100111100
00010101001101111001100101000001
00010110010101011000111100011110
00010111111110111000001000101011
00011000111111110111011100100111
00011001010100110110111000111000
00011001001100110110011010110100
00010111110011100110000010011101
00010101111110100101110010011010
00010011110111110101101000000011
00010001011111000101100011011000
00001111010101000101100111011110
00001101010011000101110001100010
00101101010111111001010011000101
00111010111110011001001011000011
00111111001000111001011011101100
01000001110000001001111001010011
01000110000000111010000001011110
01001010010011011010001000100111
01001111010011011010001111001100
01010100101110111010010111010110
01011001010011011010011111000101
01011100110101001010100011001011
01010101000111011011101011101011
01010101000111011011101011101011
01010011110111101011100101000111
01010001010011101011100001001011
01001101111011101011001001110101
01001010101010001010101011000011
01000110111000001010000111001010
01000010101100001001100001101010
00111111011100011001001000100101
00111101100010101000110111110011
00111100100011001000110000001101
00111100010100101000101110010100
01000000111100001001000101101010
01000100110111111001010110100101
01000101110011111001001111110111
01000110010110001001000010100110
01000110100111111000100010100000
01000110100111110111110110010011
01000111000001110111000010000100
01000111001011100110001111001001
01000111001011100101101101011101
01000111001011100101010111001000
01000111000000010101000110111100
01000110110000000100111101000001
01000110100110010100110111011110
01001010000100110111110011110100
01010010010011001000010010001010
01010100111111001000101011000111
01010110101111001000110101111001
01011000001101011000110101111001
01011001110111001000101111111011
01011011101000101000100110111000
01011100001001001000011001010011
01011100001001001000001000101011
01011100000001000111110001101000
01011100100100110111011010010010
01011110000010110111000111000001
01100000001000000110110110110101
01100010001110110110100111010111
01100100010111010110010111010100
01100101110000100110000011110001
01100110101011000101101110001011
01100110001101110101011011010111
01100100110010110101001111100011
01100010101111010101001000011001
01100000010001110101001001110111
01011101101101110101010110111111
01011011000011010101101011110110
01011001100000010110001000000000
01011000111111110110011110110001
01011001001100110110110001111000
01011010100110000110111110011011
01011110010011000111001111000011
01100011100001110111100010010011
01101001000011110111110101110111
01101100111001001000000001101011
10010000010111101010110001011110
10010000000010011010000110110111
10001110000000011001111100110011
10001011100010111001111011011111
10001001011111011001100111001101
10000111101100001001000110001111
10000101111100001000101001110010
10000100010100001000011001010011
10000011110000011000010000101101
10000011111000011000010000101101
10000100101001001000010111010001
10000110111000001000100001000010
10001010000100111000101101100101
10001110000010001000110111010111
10010011011100001000111111011000
10011001110011101001000101100000
10011111111111111001001100001110
10100011111101011001010011100001
10100000101010001010100110000101
10011101111001001001110001101110
10011100110100111001110000010000
10011011101111001001010101010001
10011010101001011000101001010110
10011001100001110111111101100101
10011000111001000111011001010001
10011000100100000110111001110000
10011000010000100110101010110111
10011000000110110110100011001001
10010111110011010110100000010111
10010100101011100110111000010010
10010000111011010111001111001100
10001111010000000111010000001110
10001101110000010111010100001010
10001101100110100111010110001101
10001111000110010111010110111011
10010001101010010111100000010001
10010110111010100111101000001001
10011100001101110111101111000000
10100000011000010111100110100010
10100011101110100111010110000011
10100101000100110111000000001011
10100100001011110110100110000011
10100001110100110110001001010100
10011101111111100101101010101011
10011010001111010101010011000011
10011000000101010100111111101001
10010110111101110100101111000001
10010111101011010100101001010100
10011011001101000100101101100011
10100000100101010100111000010110
10100110111100110101010010001011
10101101010111110101110000000101
10000001010100010111001001010111
01111111010111010110011110100111
01111101111111100110001000100101
01111101001010000101111111010000
01111101001010000101111110100001
01111101100111010110000011110001
10100101110111001101111010110011
10110001000001101110001011110111
10110101101110001110100010111010
10111001001100101110110000101000
10111110100100111110111000001101
11000011111101011111000010011011
11001001011100001111001100011111
11001101000101111111010011010110
11001111011101001111011000000001
11010000010111011111011000101111
11010000101001011111010010011110
11010000100001001111000111011000
11001110010000101110100101111110
11001010111010011101110001111001
11000110110011001100110001100011
11000010011000101011101100101100
10111110011110011010100100011111
10111010111001011001011001111100
10110111110000001000010000110110
10110101011111100111010010011010
10110011110100010110011010111110
10110000101110000101100111000010
10101110100010100101000100110000
10101100111100010100101110011011
10101010110011110100011111111111
10101001000111000100011011001011
10100111101100000100011100111011
10100110001000110100100111011011
10100100101100010101000001000110
10100011011100110101100100111111
10010011110100011011010000010000
10010001010000011011010111101100
10001111001110011011011110111111
10001110110110001011100101100011
10010000010111101011100110101110
10010011001010001011101101100100
10010111111110111011111000000101
10011100110011011011111111011000
10100001100001011100000011111001
10100100111001011100000110100001
10100111011101011100001001011100
10101001100000111100001100101001
10101011001101111100010001000001
10101100101100001100010110010001
10101101111000011100011110101111
10101110101010101100101001011001
10101111001001101100110101010110
10101110101001001100111110110101
10101100111100011101000010110001
10101010011101001101000010110001
10100111001011101100111100000100
10100011110101001100101101011110
10100000011001111100011001110010
10011101100101101100000100010101
10011100000111011011110100100101
10011011100011111011101000100111
10011011110011111011011110111111
10011100101110011011010111110101
10011110000100101011010010011100
10011111101110001011001101010101
10100000110101101011000001100001
10100001100110011010110001010100
10100001111000001010011011010011
10100001111000001010000010110010
10100001101011001001101000101011
10100000110101101001010011000101
10011111001000101001000010000000
10011100110100111000110011110111
10011010001000111000100110010010
10010111011111111000011000010010
10010100111000101000001100001011
10010011011010011000000001100010
10010011011010010111111010100001
10010100011011010111110100111111
10010111000100010111110000100110
10011010100010110111110011000101
10011110100011010111111001000100
10100001101100111000000001100010
10100011100001101000001001100011
10100100011111011000010011010101
10100100011111011000011110010001
10100011110000011000101000110001
10100010010101011000101111110001
10100000001000001000110100100101
10011101010101011000110110111011
10011010001000111000111000110100
10010111110101001000111010001000
10010110001000001000111011010011
10010100110110111000111100011110
10010100011001111000111101011111
10010100100001111000111110010111
10101010100101000110011101111001
10101100100010010110010111111010
10101111011001110110010101110111
10110010110110100110011110010101
10110101101100100110101000110101
10110111010111100110110100110010
10111000010010000110111111111000
10110111111110100111001100011011
10110110110000110111011001111111
10110100111011110111100010101111
10110011000000010111101000000000
